-- Converted using Mokiros's Model to Script Version 3
-- Converted string size: 23824 characters

local ScriptFunctions = {
function(script,require)
--[[

	Plugins for this gun kit are basically functions that will run at specific times, i.e. When a key is pressed, when the gun is
	fired, when the gun is aimed, etc.
	
	HOW TO USE IT:
	
		KEYDOWN PLUGIN:
		
			Let's say you wanted to toggle a laser whenever you press the "v" key:
			
			You would create a table like the example below
			The first element would be "Key = INSERT_KEY_HERE"
			The second element would be "Description = INSERT_DESCRIPTION_HERE"
			The third element would be "Plugin = INSERT_FUNCTION_HERE"
			
			So whenever you press the "v" key, the plugin function will run
			
			Pretty useful if you want to add extra code to the script without actually having to modify the script
		
			NOTE: Only the keydown plugin requires this table. Every other plugin just needs a function
			
		EVERY OTHER PLUGIN:
		
			Let's say you wanted to make a shell eject whenever the gun was fired:
			
			You would add function called "Plugin = INSERT_FUNCTION_HERE"
			
			That's it; If you want other stuff to happen when the gun is fired, you would either put it all into 1 function, or
			you would add more Plugins to the "Firing" table. Like so:
			
			Firing = {
				Plugin = function()
					--Code
				end;
				Plugin = function()
					--Code
				end;
				Plugin = function()
					--Code
				end;
			};
	
	That's really it, you just need to know some basic scripting to use it. If you have more questions, pm me.
	
	NOTE: The plugins run seperate from the code in the Gun_Main. For example, if you have a plugin that ejects a shell 1 second
	after the gun is fired, the gun's firing speed won't be affected in any way.
	
--]]

local Gun = script.Parent.Parent.Parent
local player = game.Players.LocalPlayer

local Plugins = {
	
	KeyDown = {
		{ --This is a plugin for a toggleable laser
			Key = "g"; --This is the key you press to activate the plugin
			Description = "Toggle Laser"; --This is what the description of the key will be in the controls
			Plugin = function() --This is the actual plugin function
				local Laser = Gun:WaitForChild("LaserLight") --These few lines wait for the necessary bricks/models
				local Handle = Gun:WaitForChild("Grip")
				local ignoreCode = Gun.Program_Client:WaitForChild("ignoreCode")
				local ignoreModel = game.Workspace:WaitForChild("BulletModel: " .. player.Name)
				local ignoreList = {}
				
				local PlyrName = game.Players:GetPlayerFromCharacter(Gun.Parent).Name
				local playerFolder = ignoreModel
				
				local RS = game:GetService("RunService")
				
				local function createLaserDot() --This function creates the red laser dot
					local laserDot = Instance.new("Part")
					laserDot.Transparency = 1
					laserDot.Name = "laserDot"
					laserDot.Anchored = true
					laserDot.CanCollide = false
					laserDot.FormFactor = Enum.FormFactor.Custom
					laserDot.Size = Vector3.new(0.25, 0.25, 1)
					
					local laserGui = Instance.new("SurfaceGui")
					laserGui.CanvasSize = Vector2.new(100, 100)
					laserGui.Parent = laserDot
					
					local laserImage = Instance.new("ImageLabel")
					laserImage.BackgroundTransparency = 1
					laserImage.Size = UDim2.new(1, 0, 1, 0)
					laserImage.Image = "http://www.roblox.com/asset/?id=131394739"
					laserImage.Parent = laserGui
					
					--[[local laserLight = Instance.new("SurfaceLight")
					laserLight.Angle = 180
					laserLight.Brightness = math.huge
					laserLight.Color = Color3.new(1, 0, 0)
					laserLight.Face = Enum.NormalId.Back
					laserLight.Range = 5
					laserLight.Shadows = true
					laserLight.Parent = laserDot]]
					
					return laserDot
				end
				
				local function getHitSurfaceCFrame(Pos, Obj) --This function returns the proper cframe based on the face that the position is on
					local surfaceCF = {
						{"Back", Obj.CFrame * CFrame.new(0, 0, Obj.Size.z)};
						{"Bottom", Obj.CFrame * CFrame.new(0, -Obj.Size.y, 0)};
						{"Front", Obj.CFrame * CFrame.new(0, 0, -Obj.Size.z)};
						{"Left", Obj.CFrame * CFrame.new(-Obj.Size.x, 0, 0)};
						{"Right", Obj.CFrame * CFrame.new(Obj.Size.x, 0, 0)};
						{"Top", Obj.CFrame * CFrame.new(0, Obj.Size.y, 0)}
					}
					local closestDist = math.huge
					local closestSurface = nil
					for _,v in pairs(surfaceCF) do
						local surfaceDist = (Pos - v[2].p).magnitude
						if surfaceDist < closestDist then
							closestDist = surfaceDist
							closestSurface = v
						end
					end
					
					local surfaceDir = CFrame.new(Obj.CFrame.p, closestSurface[2].p)
					local surfaceDist = surfaceDir.lookVector * ((Obj.CFrame.p - closestSurface[2].p).magnitude / 2 - 0.25)
					local surfaceOffset = Pos - closestSurface[2].p + surfaceDist
					local surfaceCFrame = surfaceDir + surfaceDist + surfaceOffset
					
					return surfaceCFrame
				end
				
				local laserDot = createLaserDot() --The code is cleaner when the laser creating code is in a function
				
				Laser.Transparency = (Laser.Transparency == 1 and 0 or 1) --Toggles the laser on or off
				
				while math.floor(Laser.Transparency) == 0 do --This loop will keep running as long as the laser is visible
					if (not game.Players:GetPlayerFromCharacter(Gun.Parent)) then break end --This checks if the gun is a child of the character
					
					local newRay = Ray.new(Laser.Position, Handle.CFrame.lookVector * 999)
					local H, P = game.Workspace:FindPartOnRayWithIgnoreList(newRay, ignoreList)
					
					if H and (H and H.Transparency >= 1 or H.CanCollide == false) then
						table.insert(ignoreList, H)
					end
					
					local Distance = (P - Laser.Position).magnitude
					Laser.Mesh.Offset = Vector3.new(0, Distance / 2, 0)
					Laser.Mesh.Scale = Vector3.new(0.075, Distance / 0.2, 0.075)
					
					if H then
						laserDot.CFrame = getHitSurfaceCFrame(P, H) --If the laser hits a part then position the dot on the part
						laserDot.Parent = playerFolder
					else
						laserDot.Parent = nil --If the laser doesn't hit a part then temporarily remove the laser dor
					end
					
					RS.RenderStepped:wait()
				end
				
				laserDot:Destroy() --These lines reset the laser if the laser is transparent or the gun was deselected
				Laser.Transparency = 1
				Laser.Mesh.Offset = Vector3.new()
				Laser.Mesh.Scale = Vector3.new(0.075, 0, 0.075)
			end;
		};
		
	};
	
}

return Plugins
end,
function(script,require)
repeat wait() until game.Players.LocalPlayer.Character
local rs = game:GetService('RunService').RenderStepped
local cam = workspace.CurrentCamera
local player = game.Players.LocalPlayer
local char = player.Character
_G.tweeningFov = false

local Utilities = {}

--[[Utilities.tweenFoV = function(FOV,step)
	coroutine.resume(coroutine.create(function()
   		local fv0 = cam.FieldOfView
    	for i = 0,90,step do
        	local r = ((math.sin(math.rad(i))+1)/2)
        	cam.FieldOfView = (Vector3.new(fv0,0,0):Lerp(Vector3.new(FOV,0,0),r).X)
        	rs:wait()
    	end
	end))
end]]--

Utilities.tweenFoV = function(goal, frames)
	if not _G.tweeningFov then
		coroutine.resume(coroutine.create(function()
			SFn = SFn and SFn + 1 or 0 
			local SFn_S = SFn
			for i = 1, frames do
				if SFn ~= SFn_S then break end
					cam.FieldOfView = cam.FieldOfView + (goal - cam.FieldOfView) * (i / frames)
					game:GetService("RunService").RenderStepped:wait()
					--_G.tweeningFov = true
				end
			--_G.tweeningFov = false
		end))
	end
end

Utilities.tweenRoll = function(Roll,step)
	coroutine.resume(coroutine.create(function()
   		local r0 = cam:GetRoll()
    	for i = -90,90,step do
        	local r = ((math.sin(math.rad(i))+1)/2)
        	cam:SetRoll(Vector3.new(r0,0,0):Lerp(Vector3.new(Roll,0,0),r).X)
        	rs:wait()
    	end
	end))
end

Utilities.Fade = function(target, goal, frames, IsGui)
	coroutine.resume(coroutine.create(function()
		for i = 1, frames do
			if IsGui == true then
				target.TextTransparency = target.TextTransparency + (goal - target.TextTransparency) * (i / frames)
				rs:wait()
			elseif IsGui == false then
				target.Size = target.Size + (goal - target.Size) * (i / frames)
				rs:wait()
			end
		end
	end))
end

Utilities.FixCam = function()
	cam.CameraSubject = player.Character.Humanoid
	cam.CameraType = "Custom"
	player.Character.Humanoid.WalkSpeed = 16
end

Utilities.SpawnCam = function(Target)
	cam.CameraType = "Attach"
	cam.CameraSubject = Target
	wait(.05)
	cam.CoordinateFrame = Target.CFrame
	cam.CameraType = "Scriptable"
	player.Character.Humanoid.WalkSpeed = 0
end

Utilities.tweenCam = function(CO, t)
 coroutine.resume(coroutine.create(function()
  COn = COn and COn + 1 or 0 local COn_S = COn
  for i = 1, t do
   if COn ~= COn_S then break end
   char.Humanoid.CameraOffset = char.Humanoid.CameraOffset + (CO - char.Humanoid.CameraOffset) * (i / t)
   rs:wait()
  end
 end))
end

Utilities.TweenJoint = function(Joint, newC0, newC1, Alpha, Duration)
	spawn(function()
		local newCode = math.random(-1e9, 1e9) --This creates a random code between -1000000000 and 1000000000
		local tweenIndicator = nil
		if (not Joint:findFirstChild("tweenCode")) then --If the joint isn't being tweened, then
			tweenIndicator = Instance.new("IntValue")
			tweenIndicator.Name = "tweenCode"
			tweenIndicator.Value = newCode
			tweenIndicator.Parent = Joint
		else
			tweenIndicator = Joint.tweenCode
			tweenIndicator.Value = newCode --If the joint is already being tweened, this will change the code, and the tween loop will stop
		end
		if Duration <= 0 then --If the duration is less than or equal to 0 then there's no need for a tweening loop
			if newC0 then Joint.C0 = newC0 end
			if newC1 then Joint.C1 = newC1 end
		else
			local Increment = 1.5 / Duration --Calculate the increment here so it doesn't need to be calculated in the loop
			local startC0 = Joint.C0
			local startC1 = Joint.C1
			local X = 0
			while true do
				rs:wait() --This makes the for loop step every 1/60th of a second
				local newX = X + Increment
				X = (newX > 90 and 90 or newX) --Makes sure the X never goes above 90
				if tweenIndicator.Value ~= newCode then break end --This makes sure that another tween wasn't called on the same joint
				if newC0 then Joint.C0 = startC0:lerp(newC0, Alpha(X)) end
				if newC1 then Joint.C1 = startC1:lerp(newC1, Alpha(X)) end
				if X == 90 then break end --If the tweening is done...
			end
		end
		if tweenIndicator.Value == newCode then --If this tween functions was the last one called on a joint then it will remove the code
			tweenIndicator:Destroy()
		end
	end)	
end

Utilities.Weld = function(p1, p2, c0)
	local w = Instance.new("Motor6D", p1)
	w.Part0 = p1
	w.Part1 = p2
	w.Name = p1.Name
	w.C0 = c0 or p1.CFrame:inverse() * p2.CFrame
	return w
end

return Utilities
end,
function(script,require)
local Spring = {}

function Spring.new(Initial)
	local t0 = tick()
	local p0 = Initial or 0
	local v0 = Initial and Vector3.new() or 0
	local t	= Initial or 0
	local d	= 1
	local s	= 1

	local function positionVelocity(Tick)
		local x	= Tick - t0
		local c0 = p0 - t
		if s == 0 then
			return p0, 0
		elseif d < 1 then
			local c	= math.sqrt(1 - d ^ 2)
			local c1 = (v0 / s + d * c0) / c
			local co = math.cos(c * s * x)
			local si = math.sin(c * s * x)
			local e	= math.exp(d * s * x)
			return t + (c0 * co + c1 * si) / e,
				s * ((c * c1 - d * c0) * co - (c * c0 + d * c1) * si) / e
		else
			local c1 = v0 / s + c0
			local e	= math.exp(s * x)
			return t + (c0 + c1 * s * x) / e,
				s * (c1 - c0 - c1 * s * x) / e
		end
	end

	return setmetatable(
		{
			accelerate = function(_, acceleration)
				local T = tick()
				local p, v = positionVelocity(T)
				p0 = p
				v0 = v + acceleration
				t0 = T
			end;
		},
		{
			__index = function(_, index)
				if index == "value" or index == "position" or index == "p" then
					local p, v = positionVelocity(tick())
					return p
				elseif index == "velocity" or index == "v" then
					local p, v = positionVelocity(tick())
					return v
				elseif index == "acceleration" or index == "a" then
					local x	= tick() - t0
					local c0 = p0 - t
					if s == 0 then
						return 0
					elseif d < 1 then
						local c = math.sqrt(1 - d ^ 2)
						local c1 = (v0 / s + d * c0) / c
						local cs = (c0 * d ^ 2 - 2 * c * d * c1 - c0 * c ^ 2) * math.cos(c * s * x)
						local sn = (c1 * d ^ 2 + 2 * c * d * c0 - c1 * c ^ 2) * math.sin(c * s * x)
						return s ^ 2 *(cs + sn) / math.exp(d * s * x)
					else
						local c1 = v0 / s + c0
						return s ^ 2 * (c0 - 2 * c1 + c1 * s * x) / math.exp(s * x)
					end
				elseif index == "target" or index == "t" then
					return t
				elseif index == "damper" or index == "d" then
					return d
				elseif index == "speed" or index == "s" then
					return s
				elseif index == "magnitude" or index == "m" then
					local p, v = positionVelocity(tick())
					return p.magnitude
				else
					error(index.." is not a valid member of spring", 0)
				end
			end;
			
			__newindex = function(_, index, value)
				local T = tick()
				if index == "value" or index == "position" or index == "p" then
					local p, v = positionVelocity(T)
					p0, v0 = value, v
				elseif index == "velocity" or index == "v" then
					local p, v = positionVelocity(T)
					p0, v0 = p, value
				elseif index == "acceleration" or index == "a" then
					local p, v = positionVelocity(T)
					p0, v0 = p, v + value
				elseif index == "target" or index == "t" then
					p0, v0 = positionVelocity(T)
					t = value
				elseif index == "damper" or index == "d" then
					p0, v0 = positionVelocity(T)
					d = value < 0 and 0 or value < 1 and value or 1
				elseif index == "speed" or index == "s" then
					p0, v0 = positionVelocity(T)
					s = value < 0 and 0 or value
				else
					error(index.." is not a valid member of spring", 0)
				end
				t0 = T
			end;
		}
	)
end

return Spring
end,
function(script,require)
return function(s,t, frames)
	s = {s:components()}
	t = {t:components()}
	for i = 1, 12 do
		s[i] = s[i] + (t[i] - s[i]) * frames
	end
	return CFrame.new(unpack(s))
end
end,
function(script,require)
local Tool = script.Parent.Parent.Parent

local Settings = {

--// Positioning
	RightArmPos = CFrame.new(-0.902175903, 0.295501232, -1.32277012, 1, 0, 0, 0, 1.19248806e-08, 1, 0, -1, 1.19248806e-08);
	LeftArmPos = CFrame.new(1.06851184, 0.973718464, -2.29667926, 0.787567914, -0.220087856, 0.575584888, -0.615963876, -0.308488727, 0.724860668, 0.0180283934, -0.925416589, -0.378522098);
	GunPos = CFrame.new(0.284460306, -0.318524063, 1.06423128, 1, 0, 0, 0, -2.98023224e-08, -0.99999994, 0, 0.99999994, -2.98023224e-08);
	
--// Holstering
	HolsteringEnabled = false;
	HolsterPos = CFrame.new(0.340751064, 0.1, 0.616261482, -4.10752676e-08, -0.342020065, 0.939692616, -1.49501727e-08, 0.939692557, 0.342020094, -0.99999994, 0, -4.37113847e-08);

--// Explosive Settings
	BlastPressue = 500000;
	BlastRadius = 10;
	DestroyJointRadius = 10;
	ExplosionType = Enum.ExplosionType.NoCraters; -- Might wanna leave it like this

	}

return Settings

end,
function(script,require)
local Tool = script.Parent.Parent.Parent
local Utilize = require(script.Parent.Parent:WaitForChild("Modules"):WaitForChild("Utilities"))
local TweenJoint = Utilize.TweenJoint
local ts = game:GetService('TweenService')

local Settings = {

--// Positioning
	RestPos = CFrame.new(0.41808939, 0, -0.0273852348, 0.704155862, -0.0188415907, 0.709795356, -0.314750254, 0.887783766, 0.335815758, -0.636472106, -0.459874928, 0.61920774);
	
	SprintPos = CFrame.new(0, 0, 0, 0.844756603, -0.251352191, 0.472449303, 0.103136979, 0.942750931, 0.317149073, -0.525118113, -0.219186768, 0.822318792);			

--// Ammo Settings			
	Ammo = 500;
	StoredAmmo = 500;
	MagCount = math.huge; --  If you want infinate ammo, set to math.huge EX. MagCount = math.huge;
	ExplosiveAmmo = 0;
	
--// Damage Settings	
	BaseDamage = 22; -- Torso Damage
	LimbDamage = 19; -- Arms and Legs
	ArmorDamage = 19; -- How much damage is dealt against armor (Name the armor "Armor")
	HeadDamage = 27; -- If you set this to 100, there's a chance the player won't die because of the heal script	
	
--// Recoil Settings	
	gunrecoil = -0.32; -- How much the gun recoils backwards when not aiming
	camrecoil = 0.056; -- How much the camera flicks when not aiming
	AimGunRecoil = -0.14; -- How much the gun recoils backwards when aiming
	AimCamRecoil = 0.023; -- How much the camera flicks when aiming
	
	Kickback = 0.10; -- Upward gun rotation when not aiming
	AimKickback = 0.10; -- Upward gun rotation when aiming
	
--// Handling Settings		
	Firerate = 60 / 5500; -- 60 = 1 Minute, 5500 = Rounds per that 60 seconds. DO NOT TOUCH THE 60!
	
	FireMode = 2; -- 1 = Semi, 2 = Auto, 3 = Burst, 4 = Bolt Action, 5 = Shot, 6 = Explosive
	
--// Firemode Settings
	CanSelectFire = false;
	BurstEnabled = false;
	SemiEnabled = false;
	AutoEnabled = true;
	BoltAction = false;
	ExplosiveEnabled = false;
	
--// Firemode Shot Customization
	BurstNum = 3; -- How many bullets per burst
	ShotNum = 5; -- How many bullets per shot
	
--// Aim|Zoom|Sensitivity Customization
	ZoomSpeed = 0.23; -- The lower the number the slower and smoother the tween
	AimZoom = 40; -- Default zoom
	AimSpeed = 0.23;
	UnaimSpeed = 0.23;
	CycleAimZoom = 55; -- Cycled zoom
	MouseSensitivity = 0.5; -- Number between 0.1 and 1
	SensitivityIncrement = 0.05; -- No touchy
	
--// Bullet Physics
	BulletPhysics = Vector3.new(0,55,0); -- Drop fixation: Lower number = more drop
	BulletSpeed = 2000; -- Bullet Speed
	BulletSpread = 0; -- How much spread the bullet has
	
	ExploPhysics = Vector3.new(0,20,0); -- Drop for explosive rounds
	ExploSpeed = 600; -- Speed for explosive rounds
	
	BulletDecay = 10000; -- How far the bullet travels before slowing down and being deleted (BUGGY)
	
--// Probabilities
	JamChance = 0; -- This is percent scaled. For 100% Chance of jamming, put 100, for 0%, 0; and everything inbetween
	TracerChance = 70; -- This is the percen scaled. For 100% Chance of showing tracer, put 100, for 0%, 0; and everything inbetween
	
--// Tracer Vars
	TracerTransparency = 0;	
	TracerLightEmission = 1;
	TracerTextureLength = 0.1;
	TracerLifetime = 0.05;
	TracerFaceCamera = true;
	TracerColor = BrickColor.new('White');

--// Dev Vars
	CameraGo = true; -- No touchy
	FirstPersonOnly = false; -- SET THIS TO FALSE TO ENABLE THIRD PERSON, TRUE FOR FIRST PERSON ONLY
	TPSMouseIcon = 1415957732; -- Image used as the third person reticle
	
--// Extras
	WalkAnimEnabled = true; -- Set to false to disable walking animation, true to enable
	SwayEnabled = true;	 -- Set to false to disable sway, true to enable

-- Customization
	AntiTK = false; -- Set to false to allow TK and damaging of NPC, true for no TK. (To damage NPC, this needs to be false)
	
	MouseSense = 0.5;

	CanAim = false; -- Allows player to aim
	CanBolt = false; -- When shooting, if this is enabled, the bolt will move (SCAR-L, ACR, AK Series)
	
	LaserAttached = true;
	LightAttached = true;
	TracerEnabled = true;
	
	SprintSpeed = 22;

--// KeyBindings
	FireSelectKey = Enum.KeyCode.V;
	CycleSightKey = Enum.KeyCode.T;
	LaserKey = Enum.KeyCode.L;
	LightKey = Enum.KeyCode.G;
	InteractKey = Enum.KeyCode.E;
	AlternateAimKey = Enum.KeyCode.Z;
	InspectionKey = Enum.KeyCode.H;
	AttachmentKey = Enum.KeyCode.LeftControl;
	
--// Unused (Don't delete)
	RestMode = true;
	AttachmentsEnabled = true;
	UIScope = false;
	CanSlideLock = false;
		
--// Animations
	
	-- Idle Anim
	IdleAnim = function(char, speed, objs)
		TweenJoint(objs[2],  nil , CFrame.new(-0.902175903, 0.295501232, -1.32277012, 1, 0, 0, 0, 1.19248806e-08, 1, 0, -1, 1.19248806e-08), function(X) return math.sin(math.rad(X)) end, 0.25)
		TweenJoint(objs[3],  nil , CFrame.new(1.06851184, 0.973718464, -2.29667926, 0.787567914, -0.220087856, 0.575584888, -0.615963876, -0.308488727, 0.724860668, 0.0180283934, -0.925416589, -0.378522098), function(X) return math.sin(math.rad(X)) end, 0.25)
		wait(0.18)	
	end;
	
	-- FireMode Anim
	FireModeAnim = function(char, speed, objs)
		TweenJoint(objs[1],  nil , CFrame.new(0.340285569, 0, -0.0787199363, 0.962304771, 0.271973342, 0, -0.261981696, 0.926952124, -0.268561482, -0.0730415657, 0.258437991, 0.963262498), function(X) return math.sin(math.rad(X)) end, 0.25)
		wait(0.1)
		TweenJoint(objs[2],  nil , CFrame.new(0.67163527, -0.310947895, -1.34432662, 0.766044378, -2.80971371e-008, 0.642787576, -0.620885074, -0.258818865, 0.739942133, 0.166365519, -0.965925872, -0.198266774), function(X) return math.sin(math.rad(X)) end, 0.25)
		wait(0.25)
		objs[4]:WaitForChild("Click"):Play()		
	end;
	
	-- Reload Anim
	ReloadAnim = function(char, speed, objs)
		TweenJoint(objs[2],  nil , CFrame.new(-0.630900264, 0.317047596, -1.27966166, 0.985866964, -0.167529628, -7.32295247e-09, 0, -4.37113883e-08, 1, -0.167529613, -0.985867023, -4.30936176e-08), function(X) return math.sin(math.rad(X)) end, 0.5)
		TweenJoint(objs[3],  nil , CFrame.new(0.436954767, 0.654289246, -1.82817471, 0.894326091, -0.267454475, 0.358676374, -0.413143814, -0.185948789, 0.891479254, -0.171734676, -0.945458114, -0.276796043), function(X) return math.sin(math.rad(X)) end, 0.5)
		wait(0.4)		
		
		local MagC = Tool:WaitForChild("Mag"):clone()
		MagC:FindFirstChild("Mag"):Destroy()
		MagC.Parent = Tool
		MagC.Name = "MagC"
		local MagCW = Instance.new("Motor6D")
		MagCW.Part0 = MagC
		MagCW.Part1 = workspace.CurrentCamera:WaitForChild("Arms"):WaitForChild("Left Arm")
		MagCW.Parent = MagC
		MagCW.C1 = MagC.CFrame:toObjectSpace(objs[4].CFrame)
		objs[4].Transparency = 1
		
		objs[6]:WaitForChild("MagOut"):Play()		
		
		TweenJoint(objs[3],  nil , CFrame.new(0.436954767, 0.654289246, -3.00337243, 0.894326091, -0.267454475, 0.358676374, -0.413143814, -0.185948789, 0.891479254, -0.171734676, -0.945458114, -0.276796043), function(X) return math.sin(math.rad(X)) end, 0.3)
		TweenJoint(objs[2],  nil , CFrame.new(-0.630900264, 0.317047596, -1.27966166, 0.985866964, -0.167529628, -7.32295247e-09, 0.0120280236, 0.0707816631, 0.997419298, -0.16709727, -0.983322799, 0.0717963576), function(X) return math.sin(math.rad(X)) end, 0.1)
		wait(0.5)
		TweenJoint(objs[2],  nil , CFrame.new(-1.11434817, 0.317047596, -0.672240019, 0.658346057, -0.747599542, -0.0876094475, 0.0672011375, -0.0575498641, 0.996078312, -0.749709547, -0.661651671, 0.0123518109), function(X) return math.sin(math.rad(X)) end, 0.3)
		wait(0.6)
		objs[6]:WaitForChild('MagIn'):Play()
		TweenJoint(objs[3],  nil , CFrame.new(-0.273085892, 0.654289246, -1.48434556, 0.613444746, -0.780330896, 0.121527649, -0.413143814, -0.185948789, 0.891479254, -0.673050761, -0.597081661, -0.43645826), function(X) return math.sin(math.rad(X)) end, 0.3)
		wait(0.12)
		MagC:Destroy()
		objs[4].Transparency = 0
	end;

	-- Bolt Anim
		BoltBackAnim = function(char, speed, objs)
			TweenJoint(objs[3],  nil , CFrame.new(0.881299615, 1.13334632, -1.28885138, 0.173648149, 0.98480773, -1.17437144e-08, 0, 1.19248806e-08, 1, 0.98480773, -0.173648149, 2.07073336e-09), function(X) return math.sin(math.rad(X)) end, 0.25)
			wait(0.2)
			TweenJoint(objs[2],  nil , CFrame.new(0.886063039, -0.192576975, -1.25888276, 0.529399753, -0.312324286, 0.788789809, -0.848180771, -0.2146101, 0.48428458, 0.0180283934, -0.925416589, -0.378522098), function(X) return math.sin(math.rad(X)) end, 0.25)
			wait(0.2)
			objs[5]:WaitForChild("BoltBack"):Play()
			TweenJoint(objs[2],  nil , CFrame.new(0.0553048849, -0.575121164, -1.07748175, 0.529399753, -0.312324286, 0.788789809, -0.848180771, -0.2146101, 0.48428458, 0.0180283934, -0.925416589, -0.378522098), function(X) return math.sin(math.rad(X)) end, 0.25)
			TweenJoint(objs[1],  nil , CFrame.new(0, 0, 0.430387408, 1, 0, 0, 0, 1, 0, 0, 0, 1), function(X) return math.sin(math.rad(X)) end, 0.25)
			TweenJoint(objs[3],  nil , CFrame.new(0.944218755, 0.740618229, -1.28885138, 0.173648149, 0.98480773, -1.17437144e-08, 0, 1.19248806e-08, 1, 0.98480773, -0.173648149, 2.07073336e-09), function(X) return math.sin(math.rad(X)) end, 0.25)
			wait(0.2)
		end;
		
		BoltForwardAnim = function(char, speed, objs)
			objs[5]:WaitForChild("BoltForward"):Play()
			TweenJoint(objs[1],  nil , CFrame.new(), function(X) return math.sin(math.rad(X)) end, 0.1)
			TweenJoint(objs[2],  nil , CFrame.new(0.0553048849, -0.874324203, -1.07748175, 0.529399753, -0.312324286, 0.788789809, -0.848180771, -0.2146101, 0.48428458, 0.0180283934, -0.925416589, -0.378522098), function(X) return math.sin(math.rad(X)) end, 0.1)
			TweenJoint(objs[3],  nil , CFrame.new(0.944218755, 1.18022871, -1.28885138, 0.173648149, 0.98480773, -1.17437144e-08, 0, 1.19248806e-08, 1, 0.98480773, -0.173648149, 2.07073336e-09), function(X) return math.sin(math.rad(X)) end, 0.2)
			wait(0.2)
		end;
		
		-- Bolting Back
		BoltingBackAnim = function(char, speed, objs)
			TweenJoint(objs[1],  nil , CFrame.new(0, 0, 0.273770154, 1, 0, 0, 0, 1, 0, 0, 0, 1), function(X) return math.sin(math.rad(X)) end, 0.001)
		end;
		
		BoltingForwardAnim = function(char, speed, objs)
			TweenJoint(objs[1],  nil , CFrame.new(), function(X) return math.sin(math.rad(X)) end, 0.001)
		end;
		
		InspectAnim = function(char, speed, objs)
			ts:Create(objs[1],TweenInfo.new(1),{C1 = CFrame.new(0.805950999, 0.654529691, -1.92835355, 0.999723792, 0.0109803826, 0.0207702816, -0.0223077796, 0.721017241, 0.692557871, -0.00737112388, -0.692829967, 0.721063137)}):Play()
			ts:Create(objs[2],TweenInfo.new(1),{C1 = CFrame.new(-1.49363565, -0.699174881, -1.32277012, 0.66716975, -8.8829113e-09, -0.74490571, 0.651565909, -0.484672248, 0.5835706, -0.361035138, -0.874695837, -0.323358655)}):Play()
			wait(1)
			ts:Create(objs[2],TweenInfo.new(1),{C1 = CFrame.new(1.37424219, -0.699174881, -1.03685927, -0.204235911, 0.62879771, 0.750267386, 0.65156585, -0.484672219, 0.58357054, 0.730581641, 0.60803473, -0.310715646)}):Play()
			wait(1)
			ts:Create(objs[2],TweenInfo.new(1),{C1 = CFrame.new(-0.902175903, 0.295501232, -1.32277012, 0.935064793, -0.354476899, 4.22709467e-09, -0.110443868, -0.291336805, 0.950223684, -0.336832345, -0.888520718, -0.311568588)}):Play()
			ts:Create(objs[1],TweenInfo.new(1),{C1 = CFrame.new(0.447846293, 0.654529572, -1.81345785, 0.761665463, -0.514432132, 0.393986136, -0.560285628, -0.217437655, 0.799250066, -0.325492471, -0.82950604, -0.453843832)}):Play()
			wait(1)
			local MagC = Tool:WaitForChild("Mag"):clone()
			MagC:FindFirstChild("Mag"):Destroy()
			MagC.Parent = Tool
			MagC.Name = "MagC"
			local MagCW = Instance.new("Motor6D")
			MagCW.Part0 = MagC
			MagCW.Part1 = workspace.CurrentCamera:WaitForChild("Arms"):WaitForChild("Left Arm")
			MagCW.Parent = MagC
			MagCW.C1 = MagC.CFrame:toObjectSpace(Tool:WaitForChild('Mag').CFrame)
			Tool.Mag.Transparency = 1
			Tool:WaitForChild('Grip'):WaitForChild("MagOut"):Play()
			
			ts:Create(objs[2],TweenInfo.new(0.15),{C1 = CFrame.new(-0.902175903, 0.295501232, -1.55972552, 0.935064793, -0.354476899, 4.22709467e-09, -0.110443868, -0.291336805, 0.950223684, -0.336832345, -0.888520718, -0.311568588)}):Play()
			ts:Create(objs[1],TweenInfo.new(0.3),{C1 = CFrame.new(0.447846293, 0.654529572, -2.9755671, 0.761665463, -0.514432132, 0.393986136, -0.568886042, -0.239798605, 0.786679745, -0.31021595, -0.823320091, -0.475299776)}):Play()
			wait(0.13)
			ts:Create(objs[2],TweenInfo.new(0.20),{C1 = CFrame.new(-0.902175903, 0.295501232, -1.28149843, 0.935064793, -0.354476899, 4.22709467e-09, -0.110443868, -0.291336805, 0.950223684, -0.336832345, -0.888520718, -0.311568588)}):Play()
			wait(0.20)			
			ts:Create(objs[1],TweenInfo.new(0.5),{C1 = CFrame.new(0.447846293, -0.650498748, -1.82401526, 0.761665463, -0.514432132, 0.393986136, -0.646156013, -0.55753684, 0.521185875, -0.0484529883, -0.651545882, -0.75706023)}):Play()
			wait(0.8)
			ts:Create(objs[1],TweenInfo.new(0.6),{C1 = CFrame.new(0.447846293, 0.654529572, -2.9755671, 0.761665463, -0.514432132, 0.393986136, -0.568886042, -0.239798605, 0.786679745, -0.31021595, -0.823320091, -0.475299776)}):Play()
			wait(0.5)
			Tool:WaitForChild('Grip'):WaitForChild("MagIn"):Play()
			ts:Create(objs[1],TweenInfo.new(0.3),{C1 = CFrame.new(0.447846293, 0.654529572, -1.81345785, 0.761665463, -0.514432132, 0.393986136, -0.560285628, -0.217437655, 0.799250066, -0.325492471, -0.82950604, -0.453843832)}):Play()			
			wait(0.3)
			MagC:Destroy()
			Tool.Mag.Transparency = 0
			wait(0.1)
		end;
		
		nadeReload = function(char, speed, objs)
			script.Parent.Parent.Parent.Rocket.Transparency = 1
			ts:Create(objs[1], TweenInfo.new(0.6), {C1 = CFrame.new(-0.902175903, -1.15645337, -1.32277012, 0.984807789, -0.163175702, -0.0593911409, 0, -0.342020363, 0.939692557, -0.17364797, -0.925416529, -0.336824328)}):Play()
			ts:Create(objs[2], TweenInfo.new(0.6), {C1 = CFrame.new(0.805950999, 0.654529691, -1.92835355, 0.787567914, -0.220087856, 0.575584888, -0.323594928, 0.647189975, 0.690240026, -0.524426222, -0.72986728, 0.438486755)}):Play()
			wait(0.6)
			ts:Create(objs[2], TweenInfo.new(0.6), {C1 = CFrame.new(0.805950999, 0.559619546, -1.73060048, 0.802135408, -0.348581612, 0.484839559, -0.597102284, -0.477574915, 0.644508123, 0.00688350201, -0.806481719, -0.59121877)}):Play()
			wait(0.2)
			Tool:WaitForChild('Grip'):WaitForChild("RocketInsert"):Play()
			wait(0.1)
			script.Parent.Parent.Parent.Rocket.Transparency = 0
			Tool:WaitForChild('Grip'):WaitForChild("RocketClick"):Play()
			wait(0.6)	
		end;
		
		AttachAnim = function(char, speed, objs)
			TweenJoint(objs[1],  nil , CFrame.new(-2.05413628, -0.386312962, -0.955676377, 0.5, 0, -0.866025329, 0.852868497, -0.17364797, 0.492403895, -0.150383547, -0.984807789, -0.086823985), function(X) return math.sin(math.rad(X)) end, 0.25)
			TweenJoint(objs[2],  nil , CFrame.new(0.931334019, 1.66565645, -1.2231313, 0.787567914, -0.220087856, 0.575584888, -0.0180282295, 0.925416708, 0.378521889, -0.615963817, -0.308488399, 0.724860728), function(X) return math.sin(math.rad(X)) end, 0.25)
			wait(0.18)	
		end;
		
		-- Patrol Anim
		PatrolAnim = function(char, speed, objs)
			TweenJoint(objs[1],  nil , sConfig.PatrolPosR, function(X) return math.sin(math.rad(X)) end, 0.25)
			TweenJoint(objs[2],  nil , sConfig.PatrolPosL, function(X) return math.sin(math.rad(X)) end, 0.25)
			wait(0.18)
		end;
	
	}

return Settings

end,
function(script,require)
-- params : ...

local sp = script.Parent
update = function()
  
  sp.Scope.Position = UDim2.new(0.5, -10 - sp.AbsoluteSize.y / 2, 0, -26)
  sp.Scope.Size = UDim2.new(0, 20 + sp.AbsoluteSize.y, 0, 20 + sp.AbsoluteSize.y)
  sp.ScopeId.Position = UDim2.new(0.5, -10 - sp.AbsoluteSize.y / 2, 0, -26)
  sp.ScopeId.Size = UDim2.new(0, 20 + sp.AbsoluteSize.y, 0, 20 + sp.AbsoluteSize.y)
  sp.F1.Size = UDim2.new(0, 20 + (sp.AbsoluteSize.x - sp.AbsoluteSize.y) / 2, 1, 20)
  sp.F2.Size = UDim2.new(0, 20 + (sp.AbsoluteSize.x - sp.AbsoluteSize.y) / 2, 1, 20)
  sp.F2.Position = UDim2.new(1, -10 - (sp.AbsoluteSize.x - sp.AbsoluteSize.y) / 2, 0, -10)
end

wait()
sp.Changed:connect(update)
update()

end,
function(script,require)
NLS([==[
repeat
	wait()
until game.Players.LocalPlayer.Character
wait(0.5)

--// Variables
local L_1_ = script.Parent
local L_2_ = game.Players.LocalPlayer
local L_3_ = L_2_.Character
local L_4_ = L_2_:GetMouse()
local L_5_ = workspace.CurrentCamera

local L_6_ = L_3_:WaitForChild('Torso')
local L_7_ = L_3_:WaitForChild('Head')
local L_8_ = L_3_:WaitForChild('HumanoidRootPart')
local L_9_ = L_8_:WaitForChild('RootJoint')
local L_10_ = L_6_:WaitForChild('Right Hip')
local L_11_ = L_6_:WaitForChild('Left Hip')

--// Services
local L_12_ = game:GetService('UserInputService')
local L_13_ = game:GetService('RunService')
local L_14_ = game:GetService('TweenService')

--// Declarables
local L_15_ = false

local L_16_ = false
local L_17_ = true

local L_18_ = L_1_:WaitForChild('Resource')
local L_19_ = L_18_:WaitForChild('FX')
local L_20_ = L_18_:WaitForChild('Events')
local L_21_ = L_18_:WaitForChild('HUD')
local L_22_ = L_18_:WaitForChild('Modules')
local L_23_ = L_18_:WaitForChild('SettingsModule')
local L_24_ = require(L_23_:WaitForChild("ClientConfig"))
local L_25_ = L_18_:WaitForChild('Vars')
local L_26_
local L_27_
local L_28_
local L_29_ 
local L_30_ 
local L_33_
local L_34_
local L_35_
local L_36_
local L_37_
local L_38_
local L_39_
local L_40_
local L_41_
local L_42_
local L_43_
local L_44_
local L_45_
local L_46_
local L_47_
local L_48_
local L_49_

local L_50_ = L_24_.AimZoom

local L_51_ = L_24_.MouseSensitivity
local L_52_ = L_12_.MouseDeltaSensitivity

--// Weapon Parts
local L_53_ = L_1_:WaitForChild('AimPart')
local L_54_
local L_55_ = L_1_:WaitForChild('Grip')
local L_56_ = L_1_:WaitForChild('FirePart')
local L_57_
local L_58_ = L_1_:WaitForChild('Mag')
local L_59_ = L_1_:WaitForChild('Bolt')

--// Probability
local L_60_

--// States
local L_61_ = false
local L_62_ = false
local L_63_ = false
local L_64_ = false
local L_65_ = false
local L_66_ = true
local L_67_ = false
local L_68_ = false
local L_69_ = false
local L_70_ = false
local L_71_ = false
local L_72_ = false
local L_73_ = false
local L_74_ = false
local L_75_ = false
local L_76_ = false

local L_77_ = false
local L_78_ = false
local L_79_ = false

local L_80_ = false
local L_81_ = true
local L_82_ = true

local L_83_ = false

local L_84_
local L_85_

local L_86_
local L_87_
local L_88_

local L_89_ = L_24_.FireMode

local L_90_ = 0
local L_91_ = false
local L_92_ = true
local L_93_ = false

local L_94_ = 70

--// Tables
local L_95_ = {
	
	"285421759";
	"151130102";
	"151130171";
	"285421804";
	"287769483";
	"287769415";
	"285421687";
	"287769261";
	"287772525";
	"287772445";
	"287772351";
	"285421819";
	"287772163";
	
}

local L_96_ = {
	
	"";
	"";
	"";
	"";
	"";
	"";
	"";
	"";
	"";
	"";
	"";
	"";
	"";
	"";
	"";
	"";
	"";
	"";
	"";
	"";
	"";
		
}

local L_97_ = {
	
	"";
	"";
	"";
	"";
	"";
	"";
	"";
	"";
	"";
	"";
	"";
	"";
	"";
	"";
	"";
	"";
	"";
	"";
	"";
	"";
	"";
	"";
	"";
	
}

local L_98_ = workspace:FindFirstChild("BulletModel: " .. L_2_.Name) or Instance.new("Folder", workspace)
L_98_.Name = "BulletModel: " .. L_2_.Name

local L_99_

local L_100_ = L_24_.Ammo
local L_101_ = L_24_.StoredAmmo * L_24_.MagCount

local L_102_ = L_24_.ExplosiveAmmo

IgnoreList = {
	L_3_,
	L_98_,
	L_5_
}

--// Services
local L_103_ = game:GetService('RunService').RenderStepped
local L_104_ = game:GetService('UserInputService')

--// Events
local L_105_ = L_20_:WaitForChild('Equipped')
local L_106_ = L_20_:WaitForChild('ShootEvent')
local L_107_ = L_20_:WaitForChild('DamageEvent')
local L_108_ = L_20_:WaitForChild('CreateOwner')
local L_109_ = L_20_:WaitForChild('Stance')
local L_110_ = L_20_:WaitForChild('HitEvent')
local L_111_ = L_20_:WaitForChild('KillEvent')
local L_112_ = L_20_:WaitForChild('AimEvent')
local L_113_ = L_20_:WaitForChild('ExploEvent')
local L_114_ = L_20_:WaitForChild('AttachEvent')
local L_115_ = L_20_:WaitForChild('ServerFXEvent')
local L_116_ = L_20_:WaitForChild('ChangeIDEvent')

--// Modules
local L_117_ = require(L_22_:WaitForChild("Utilities"))
local L_118_ = require(L_22_:WaitForChild("Spring"))
local L_119_ = require(L_22_:WaitForChild("Plugins"))
local L_120_ = require(L_22_:WaitForChild("easing"))

local L_121_ = L_117_.Fade
local L_122_ = L_117_.SpawnCam
local L_123_ = L_117_.FixCam
local L_124_ = L_117_.tweenFoV
local L_125_ = L_117_.tweenCam
local L_126_ = L_117_.tweenRoll
local L_127_ = L_117_.TweenJoint

local L_128_ = L_117_.Weld

--// Math
local L_129_ = function(L_166_arg1, L_167_arg2, L_168_arg3)
	if L_166_arg1 > L_168_arg3 then
		return L_168_arg3
	elseif L_166_arg1 < L_167_arg2 then
		return L_167_arg2
	end
	return L_166_arg1
end

local L_130_ = L_118_.new(Vector3.new())
L_130_.s = 30
L_130_.d = 0.55
	
local L_131_ = CFrame.Angles(0, 0, 0)

--// Functions
function MakeFakeArms()
	Arms = Instance.new("Model")
	Arms.Name = "Arms"
	Arms.Parent = L_5_

	local L_169_ = Instance.new("Humanoid")
	L_169_.MaxHealth = 0
	L_169_.Health = 0
	L_169_.Name = ""
	L_169_.Parent = Arms
		
	if L_3_:FindFirstChild("Shirt") then
		local L_174_ = L_3_:FindFirstChild("Shirt"):clone()
		L_174_.Parent = Arms
	end
	
	local L_170_ = L_3_:FindFirstChild("Right Arm"):clone()
	for L_175_forvar1, L_176_forvar2 in pairs(L_170_:GetChildren()) do
		if L_176_forvar2:IsA('Motor6D') then
			L_176_forvar2:Destroy()
		end
	end
	L_170_.Name = "Right Arm"
	L_170_.FormFactor = "Custom"
	L_170_.Size = Vector3.new(0.8, 2.5, 0.8)
	L_170_.Transparency = 0.0
	
	local L_171_ = Instance.new("Motor6D")
	L_171_.Part0 = L_170_
	L_171_.Part1 = L_3_:FindFirstChild("Right Arm")
	L_171_.C0 = CFrame.new()
	L_171_.C1 = CFrame.new()
	L_171_.Parent = L_170_	
	L_170_.Parent = Arms
		
	local L_172_ = L_3_:FindFirstChild("Left Arm"):clone()
	L_172_.Name = "Left Arm"
	L_172_.FormFactor = "Custom"
	L_172_.Size = Vector3.new(0.8, 2.5, 0.8)
	L_172_.Transparency = 0.0	
	
	local L_173_ = Instance.new("Motor6D")
	L_173_.Part0 = L_172_
	L_173_.Part1 = L_3_:FindFirstChild("Left Arm")
	L_173_.C0 = CFrame.new()
	L_173_.C1 = CFrame.new()
	L_173_.Parent = L_172_	
	L_172_.Parent = Arms
end

function RemoveArmModel()
	if Arms then
		Arms:Destroy()
		Arms = nil
	end
end

local L_132_

function CreateShell()
	L_132_ = time()
	local L_177_ = L_1_.Shell:clone()
	if L_177_:FindFirstChild('Shell') then
		L_177_.Shell:Destroy()
	end
	L_177_.CFrame =  L_1_.Chamber.CFrame
	L_177_.Velocity = L_1_.Chamber.CFrame.lookVector * 30 + Vector3.new(0, 4, 0)
	--shell.RotVelocity = Vector3.new(-10,40,30)
	L_177_.Parent = L_98_
	L_177_.CanCollide = false
	game:GetService("Debris"):addItem(L_177_, 1)
	delay(0.5, function()
		if L_19_:FindFirstChild('ShellCasing') then
			local L_178_ = L_19_.ShellCasing:clone()
			L_178_.Parent = L_2_.PlayerGui
			L_178_:Play()
			game:GetService('Debris'):AddItem(L_178_, L_178_.TimeLength)
		end
	end)
end

-- 100 == 1  0 == 0  1/0.5

function JamCalculation()
	local L_179_
	if (math.random(1, 100) <= L_24_.JamChance) then	
		L_179_ = true
		L_72_ = true
	else
		L_179_ = false
	end
	return L_179_
end

function TracerCalculation()
	local L_180_
	if (math.random(1, 100) <= L_24_.TracerChance) then	
		L_180_ = true
	else
		L_180_ = false
	end
	return L_180_
end

function ScreamCalculation()
	local L_181_
	if (math.random(1, 100) <= L_24_.SuppressCalloutChance) then	
		L_181_ = true
	else
		L_181_ = false
	end
	return L_181_
end

function SearchResupply(L_182_arg1)
	local L_183_ = false
	local L_184_ = nil
	
	if L_182_arg1:FindFirstChild('ResupplyVal') or L_182_arg1.Parent:FindFirstChild('ResupplyVal') then
		L_183_ = true
		if L_182_arg1:FindFirstChild('ResupplyVal') then
			L_184_ = L_182_arg1.ResupplyVal
		elseif L_182_arg1.Parent:FindFirstChild('ResupplyVal') then
			L_184_ = L_182_arg1.Parent.ResupplyVal
		end
	end
	return L_183_, L_184_
end

function CheckReverb()
	local L_185_, L_186_ = workspace:FindPartOnRayWithIgnoreList(Ray.new(L_6_.CFrame.p, (L_6_.CFrame.upVector).unit * 30), IgnoreList);
		
	if L_185_ then
		local L_187_ = L_56_:WaitForChild('Fire'):FindFirstChild('ReverbSoundEffect') or Instance.new("ReverbSoundEffect", L_56_:WaitForChild('Fire'))
	elseif not L_185_ then
		if L_56_:WaitForChild('Fire'):FindFirstChild('ReverbSoundEffect') then
			L_56_.Fire.ReverbSoundEffect:Destroy()
		end
	end
end

function UpdateAmmo()
	L_29_.Text = L_100_
	L_30_.Text = L_29_.Text
	
	L_31_.Text = '| ' .. math.ceil(L_101_ / L_24_.StoredAmmo)
	L_32_.Text = L_31_.Text
	
	if L_90_ == 0 then
		L_40_.Image = 'rbxassetid://' .. 1868007495
	elseif L_90_ == 1 then
		L_40_.Image = 'rbxassetid://' .. 1868007947
	elseif L_90_ == 2 then
		L_40_.Image = 'rbxassetid://' .. 1868008584
	end
	
	if L_89_ == 1 then
		L_35_.BackgroundTransparency = 0
		L_36_.BackgroundTransparency = 0.7
		L_37_.BackgroundTransparency = 0.7
		L_38_.BackgroundTransparency = 0.7
		L_39_.BackgroundTransparency = 0.7
	elseif L_89_ == 2 then
		L_35_.BackgroundTransparency = 0
		L_36_.BackgroundTransparency = 0
		L_37_.BackgroundTransparency = 0
		L_38_.BackgroundTransparency = 0
		L_39_.BackgroundTransparency = 0
	elseif L_89_ == 3 then
