-- Converted using Mokiros's Model to Script Version 3
-- Converted string size: 35580 characters

local ScriptFunctions = {
function(script,require)
repeat wait() until game.Players.LocalPlayer.Character
local rs = game:GetService('RunService').RenderStepped
local cam = workspace.CurrentCamera
local player = game.Players.LocalPlayer
local char = player.Character
_G.tweeningFov = false

local Utilities = {}

--[[Utilities.tweenFoV = function(FOV,step)
	coroutine.resume(coroutine.create(function()
   		local fv0 = cam.FieldOfView
    	for i = 0,90,step do
        	local r = ((math.sin(math.rad(i))+1)/2)
        	cam.FieldOfView = (Vector3.new(fv0,0,0):Lerp(Vector3.new(FOV,0,0),r).X)
        	rs:wait()
    	end
	end))
end]]--

Utilities.tweenFoV = function(goal, frames)
	if not _G.tweeningFov then
		coroutine.resume(coroutine.create(function()
			SFn = SFn and SFn + 1 or 0 
			local SFn_S = SFn
			for i = 1, frames do
				if SFn ~= SFn_S then break end
					cam.FieldOfView = cam.FieldOfView + (goal - cam.FieldOfView) * (i / frames)
					game:GetService("RunService").RenderStepped:wait()
					--_G.tweeningFov = true
				end
			--_G.tweeningFov = false
		end))
	end
end

Utilities.tweenRoll = function(Roll,step)
	coroutine.resume(coroutine.create(function()
   		local r0 = cam:GetRoll()
    	for i = -90,90,step do
        	local r = ((math.sin(math.rad(i))+1)/2)
        	cam:SetRoll(Vector3.new(r0,0,0):Lerp(Vector3.new(Roll,0,0),r).X)
        	rs:wait()
    	end
	end))
end

Utilities.Fade = function(target, goal, frames, IsGui)
	coroutine.resume(coroutine.create(function()
		for i = 1, frames do
			if IsGui == true then
				target.TextTransparency = target.TextTransparency + (goal - target.TextTransparency) * (i / frames)
				rs:wait()
			elseif IsGui == false then
				target.Size = target.Size + (goal - target.Size) * (i / frames)
				rs:wait()
			end
		end
	end))
end

Utilities.FixCam = function()
	cam.CameraSubject = player.Character.Humanoid
	cam.CameraType = "Custom"
	player.Character.Humanoid.WalkSpeed = 16
end

Utilities.SpawnCam = function(Target)
	cam.CameraType = "Attach"
	cam.CameraSubject = Target
	wait(.05)
	cam.CoordinateFrame = Target.CFrame
	cam.CameraType = "Scriptable"
	player.Character.Humanoid.WalkSpeed = 0
end

Utilities.tweenCam = function(CO, t)
 coroutine.resume(coroutine.create(function()
  COn = COn and COn + 1 or 0 local COn_S = COn
  for i = 1, t do
   if COn ~= COn_S then break end
   char.Humanoid.CameraOffset = char.Humanoid.CameraOffset + (CO - char.Humanoid.CameraOffset) * (i / t)
   rs:wait()
  end
 end))
end

Utilities.TweenJoint = function(Joint, newC0, newC1, Alpha, Duration)
	spawn(function()
		local newCode = math.random(-1e9, 1e9) --This creates a random code between -1000000000 and 1000000000
		local tweenIndicator = nil
		if (not Joint:findFirstChild("tweenCode")) then --If the joint isn't being tweened, then
			tweenIndicator = Instance.new("IntValue")
			tweenIndicator.Name = "tweenCode"
			tweenIndicator.Value = newCode
			tweenIndicator.Parent = Joint
		else
			tweenIndicator = Joint.tweenCode
			tweenIndicator.Value = newCode --If the joint is already being tweened, this will change the code, and the tween loop will stop
		end
		if Duration <= 0 then --If the duration is less than or equal to 0 then there's no need for a tweening loop
			if newC0 then Joint.C0 = newC0 end
			if newC1 then Joint.C1 = newC1 end
		else
			local Increment = 1.5 / Duration --Calculate the increment here so it doesn't need to be calculated in the loop
			local startC0 = Joint.C0
			local startC1 = Joint.C1
			local X = 0
			while true do
				rs:wait() --This makes the for loop step every 1/60th of a second
				local newX = X + Increment
				X = (newX > 90 and 90 or newX) --Makes sure the X never goes above 90
				if tweenIndicator.Value ~= newCode then break end --This makes sure that another tween wasn't called on the same joint
				if newC0 then Joint.C0 = startC0:lerp(newC0, Alpha(X)) end
				if newC1 then Joint.C1 = startC1:lerp(newC1, Alpha(X)) end
				if X == 90 then break end --If the tweening is done...
			end
		end
		if tweenIndicator.Value == newCode then --If this tween functions was the last one called on a joint then it will remove the code
			tweenIndicator:Destroy()
		end
	end)	
end

Utilities.Weld = function(p1, p2, c0)
	local w = Instance.new("Motor6D", p1)
	w.Part0 = p1
	w.Part1 = p2
	w.Name = p1.Name
	w.C0 = c0 or p1.CFrame:inverse() * p2.CFrame
	return w
end

return Utilities
end,
function(script,require)
local Spring = {}

function Spring.new(Initial)
	local t0 = tick()
	local p0 = Initial or 0
	local v0 = Initial and Vector3.new() or 0
	local t	= Initial or 0
	local d	= 1
	local s	= 1

	local function positionVelocity(Tick)
		local x	= Tick - t0
		local c0 = p0 - t
		if s == 0 then
			return p0, 0
		elseif d < 1 then
			local c	= math.sqrt(1 - d ^ 2)
			local c1 = (v0 / s + d * c0) / c
			local co = math.cos(c * s * x)
			local si = math.sin(c * s * x)
			local e	= math.exp(d * s * x)
			return t + (c0 * co + c1 * si) / e,
				s * ((c * c1 - d * c0) * co - (c * c0 + d * c1) * si) / e
		else
			local c1 = v0 / s + c0
			local e	= math.exp(s * x)
			return t + (c0 + c1 * s * x) / e,
				s * (c1 - c0 - c1 * s * x) / e
		end
	end

	return setmetatable(
		{
			accelerate = function(_, acceleration)
				local T = tick()
				local p, v = positionVelocity(T)
				p0 = p
				v0 = v + acceleration
				t0 = T
			end;
		},
		{
			__index = function(_, index)
				if index == "value" or index == "position" or index == "p" then
					local p, v = positionVelocity(tick())
					return p
				elseif index == "velocity" or index == "v" then
					local p, v = positionVelocity(tick())
					return v
				elseif index == "acceleration" or index == "a" then
					local x	= tick() - t0
					local c0 = p0 - t
					if s == 0 then
						return 0
					elseif d < 1 then
						local c = math.sqrt(1 - d ^ 2)
						local c1 = (v0 / s + d * c0) / c
						local cs = (c0 * d ^ 2 - 2 * c * d * c1 - c0 * c ^ 2) * math.cos(c * s * x)
						local sn = (c1 * d ^ 2 + 2 * c * d * c0 - c1 * c ^ 2) * math.sin(c * s * x)
						return s ^ 2 *(cs + sn) / math.exp(d * s * x)
					else
						local c1 = v0 / s + c0
						return s ^ 2 * (c0 - 2 * c1 + c1 * s * x) / math.exp(s * x)
					end
				elseif index == "target" or index == "t" then
					return t
				elseif index == "damper" or index == "d" then
					return d
				elseif index == "speed" or index == "s" then
					return s
				elseif index == "magnitude" or index == "m" then
					local p, v = positionVelocity(tick())
					return p.magnitude
				else
					error(index.." is not a valid member of spring", 0)
				end
			end;
			
			__newindex = function(_, index, value)
				local T = tick()
				if index == "value" or index == "position" or index == "p" then
					local p, v = positionVelocity(T)
					p0, v0 = value, v
				elseif index == "velocity" or index == "v" then
					local p, v = positionVelocity(T)
					p0, v0 = p, value
				elseif index == "acceleration" or index == "a" then
					local p, v = positionVelocity(T)
					p0, v0 = p, v + value
				elseif index == "target" or index == "t" then
					p0, v0 = positionVelocity(T)
					t = value
				elseif index == "damper" or index == "d" then
					p0, v0 = positionVelocity(T)
					d = value < 0 and 0 or value < 1 and value or 1
				elseif index == "speed" or index == "s" then
					p0, v0 = positionVelocity(T)
					s = value < 0 and 0 or value
				else
					error(index.." is not a valid member of spring", 0)
				end
				t0 = T
			end;
		}
	)
end

return Spring
end,
function(script,require)
return function(s,t, frames)
	s = {s:components()}
	t = {t:components()}
	for i = 1, 12 do
		s[i] = s[i] + (t[i] - s[i]) * frames
	end
	return CFrame.new(unpack(s))
end
end,
function(script,require)
--[[

	Plugins for this gun kit are basically functions that will run at specific times, i.e. When a key is pressed, when the gun is
	fired, when the gun is aimed, etc.
	
	HOW TO USE IT:
	
		KEYDOWN PLUGIN:
		
			Let's say you wanted to toggle a laser whenever you press the "v" key:
			
			You would create a table like the example below
			The first element would be "Key = INSERT_KEY_HERE"
			The second element would be "Description = INSERT_DESCRIPTION_HERE"
			The third element would be "Plugin = INSERT_FUNCTION_HERE"
			
			So whenever you press the "v" key, the plugin function will run
			
			Pretty useful if you want to add extra code to the script without actually having to modify the script
		
			NOTE: Only the keydown plugin requires this table. Every other plugin just needs a function
			
		EVERY OTHER PLUGIN:
		
			Let's say you wanted to make a shell eject whenever the gun was fired:
			
			You would add function called "Plugin = INSERT_FUNCTION_HERE"
			
			That's it; If you want other stuff to happen when the gun is fired, you would either put it all into 1 function, or
			you would add more Plugins to the "Firing" table. Like so:
			
			Firing = {
				Plugin = function()
					--Code
				end;
				Plugin = function()
					--Code
				end;
				Plugin = function()
					--Code
				end;
			};
	
	That's really it, you just need to know some basic scripting to use it. If you have more questions, pm me.
	
	NOTE: The plugins run seperate from the code in the Gun_Main. For example, if you have a plugin that ejects a shell 1 second
	after the gun is fired, the gun's firing speed won't be affected in any way.
	
--]]

local Gun = script.Parent.Parent.Parent
local player = game.Players.LocalPlayer

local Plugins = {
	
	KeyDown = {
		{ --This is a plugin for a toggleable laser
			Key = "g"; --This is the key you press to activate the plugin
			Description = "Toggle Laser"; --This is what the description of the key will be in the controls
			Plugin = function() --This is the actual plugin function
				local Laser = Gun:WaitForChild("LaserLight") --These few lines wait for the necessary bricks/models
				local Handle = Gun:WaitForChild("Grip")
				local ignoreCode = Gun.Program_Client:WaitForChild("ignoreCode")
				local ignoreModel = game.Workspace:WaitForChild("BulletModel: " .. player.Name)
				local ignoreList = {}
				
				local PlyrName = game.Players:GetPlayerFromCharacter(Gun.Parent).Name
				local playerFolder = ignoreModel
				
				local RS = game:GetService("RunService")
				
				local function createLaserDot() --This function creates the red laser dot
					local laserDot = Instance.new("Part")
					laserDot.Transparency = 1
					laserDot.Name = "laserDot"
					laserDot.Anchored = true
					laserDot.CanCollide = false
					laserDot.FormFactor = Enum.FormFactor.Custom
					laserDot.Size = Vector3.new(0.25, 0.25, 1)
					
					local laserGui = Instance.new("SurfaceGui")
					laserGui.CanvasSize = Vector2.new(100, 100)
					laserGui.Parent = laserDot
					
					local laserImage = Instance.new("ImageLabel")
					laserImage.BackgroundTransparency = 1
					laserImage.Size = UDim2.new(1, 0, 1, 0)
					laserImage.Image = "http://www.roblox.com/asset/?id=131394739"
					laserImage.Parent = laserGui
					
					--[[local laserLight = Instance.new("SurfaceLight")
					laserLight.Angle = 180
					laserLight.Brightness = math.huge
					laserLight.Color = Color3.new(1, 0, 0)
					laserLight.Face = Enum.NormalId.Back
					laserLight.Range = 5
					laserLight.Shadows = true
					laserLight.Parent = laserDot]]
					
					return laserDot
				end
				
				local function getHitSurfaceCFrame(Pos, Obj) --This function returns the proper cframe based on the face that the position is on
					local surfaceCF = {
						{"Back", Obj.CFrame * CFrame.new(0, 0, Obj.Size.z)};
						{"Bottom", Obj.CFrame * CFrame.new(0, -Obj.Size.y, 0)};
						{"Front", Obj.CFrame * CFrame.new(0, 0, -Obj.Size.z)};
						{"Left", Obj.CFrame * CFrame.new(-Obj.Size.x, 0, 0)};
						{"Right", Obj.CFrame * CFrame.new(Obj.Size.x, 0, 0)};
						{"Top", Obj.CFrame * CFrame.new(0, Obj.Size.y, 0)}
					}
					local closestDist = math.huge
					local closestSurface = nil
					for _,v in pairs(surfaceCF) do
						local surfaceDist = (Pos - v[2].p).magnitude
						if surfaceDist < closestDist then
							closestDist = surfaceDist
							closestSurface = v
						end
					end
					
					local surfaceDir = CFrame.new(Obj.CFrame.p, closestSurface[2].p)
					local surfaceDist = surfaceDir.lookVector * ((Obj.CFrame.p - closestSurface[2].p).magnitude / 2 - 0.25)
					local surfaceOffset = Pos - closestSurface[2].p + surfaceDist
					local surfaceCFrame = surfaceDir + surfaceDist + surfaceOffset
					
					return surfaceCFrame
				end
				
				local laserDot = createLaserDot() --The code is cleaner when the laser creating code is in a function
				
				Laser.Transparency = (Laser.Transparency == 1 and 0 or 1) --Toggles the laser on or off
				
				while math.floor(Laser.Transparency) == 0 do --This loop will keep running as long as the laser is visible
					if (not game.Players:GetPlayerFromCharacter(Gun.Parent)) then break end --This checks if the gun is a child of the character
					
					local newRay = Ray.new(Laser.Position, Handle.CFrame.lookVector * 999)
					local H, P = game.Workspace:FindPartOnRayWithIgnoreList(newRay, ignoreList)
					
					if H and (H and H.Transparency >= 1 or H.CanCollide == false) then
						table.insert(ignoreList, H)
					end
					
					local Distance = (P - Laser.Position).magnitude
					Laser.Mesh.Offset = Vector3.new(0, Distance / 2, 0)
					Laser.Mesh.Scale = Vector3.new(0.075, Distance / 0.2, 0.075)
					
					if H then
						laserDot.CFrame = getHitSurfaceCFrame(P, H) --If the laser hits a part then position the dot on the part
						laserDot.Parent = playerFolder
					else
						laserDot.Parent = nil --If the laser doesn't hit a part then temporarily remove the laser dor
					end
					
					RS.RenderStepped:wait()
				end
				
				laserDot:Destroy() --These lines reset the laser if the laser is transparent or the gun was deselected
				Laser.Transparency = 1
				Laser.Mesh.Offset = Vector3.new()
				Laser.Mesh.Scale = Vector3.new(0.075, 0, 0.075)
			end;
		};
		
	};
	
}

return Plugins
end,
function(script,require)
local Tool = script.Parent.Parent.Parent

local Settings = {

--// Positioning
	RightArmPos = CFrame.new(-0.902175903, 0.295501232, -1.32277012, 1, 0, 0, 0, 1.19248806e-08, 1, 0, -1, 1.19248806e-08);
	LeftArmPos = CFrame.new(1.06851184, 0.973718464, -2.29667926, 0.787567914, -0.220087856, 0.575584888, -0.615963876, -0.308488727, 0.724860668, 0.0180283934, -0.925416589, -0.378522098);
	GunPos = CFrame.new(0.284460306, -0.318524063, 1.06423128, 1, 0, 0, 0, -2.98023224e-08, -0.99999994, 0, 0.99999994, -2.98023224e-08);
	
--// Holstering
	HolsteringEnabled = false;
	HolsterPos = CFrame.new(0.140751064, 0, -0.616261482, -4.10752676e-08, -0.342020065, 0.939692616, -1.49501727e-08, 0.939692557, 0.342020094, -0.99999994, 0, -4.37113847e-08);

--// Patrol Mode
	PatrolPosR = CFrame.new();
	PatrolPosL = CFrame.new();

--// Explosive Settings
	BlastPressue = 500000;
	BlastRadius = 10;
	DestroyJointRadius = 10;
	ExplosionType = Enum.ExplosionType.NoCraters; -- Might wanna leave it like this

	}

return Settings

end,
function(script,require)
local Tool = script.Parent.Parent.Parent
local Utilize = require(script.Parent.Parent:WaitForChild("Modules"):WaitForChild("Utilities"))
local TweenJoint = Utilize.TweenJoint
local ts = game:GetService('TweenService')
local sConfig = require(script.Parent:WaitForChild('ServerConfig'))

local Settings = {

--// Positioning
	SprintPos = CFrame.new(0, 0, 0, 0.844756603, -0.251352191, 0.472449303, 0.103136979, 0.942750931, 0.317149073, -0.525118113, -0.219186768, 0.822318792);			

--// Ammo Settings			
	Ammo = 30;
	StoredAmmo = 30;
	MagCount = math.huge; --  If you want infinate ammo, set to math.huge EX. MagCount = math.huge;
	ExplosiveAmmo = 10;
	
--// Damage Settings	
	BaseDamage = 42; -- Torso Damage
	LimbDamage = 35; -- Arms and Legs
	ArmorDamage = 35; -- How much damage is dealt against armor (Name the armor "Armor")
	HeadDamage = 61; -- If you set this to 100, there's a chance the player won't die because of the heal script	
	
--// Recoil Settings	
	gunrecoil = -0.5; -- How much the gun recoils backwards when not aiming
	camrecoil = 0.43; -- How much the camera flicks when not aiming
	AimGunRecoil = -0.4; -- How much the gun recoils backwards when aiming
	AimCamRecoil = 0.31; -- How much the camera flicks when aiming
	
	CamShake = 10; -- THIS IS NEW!!!! CONTROLS CAMERA SHAKE WHEN FIRING
	AimCamShake = 8; -- THIS IS ALSO NEW!!!!
	
	Kickback = 3.4; -- Upward gun rotation when not aiming
	AimKickback = 2.2; -- Upward gun rotation when aiming
	
--// Handling Settings		
	Firerate = 60 / 625; -- 60 = 1 Minute, 625 = Rounds per that 60 seconds. DO NOT TOUCH THE 60!
	
	FireMode = 2; -- 1 = Semi, 2 = Auto, 3 = Burst, 4 = Bolt Action, 5 = Shot, 6 = Explosive
	
--// Firemode Settings
	CanSelectFire = true;
	BurstEnabled = false;
	SemiEnabled = false;
	AutoEnabled = true;
	BoltAction = false;
	ExplosiveEnabled = true;
	
--// Firemode Shot Customization
	BurstNum = 3; -- How many bullets per burst
	ShotNum = 5; -- How many bullets per shot
	
--// Aim|Zoom|Sensitivity Customization
	ZoomSpeed = 0.20; -- The lower the number the slower and smoother the tween
	AimZoom = 15; -- Default zoom
	AimSpeed = 0.24;
	UnaimSpeed = 0.20;
	CycleAimZoom = 30; -- Cycled zoom
	MouseSensitivity = 0.25; -- Number between 0.1 and 1
	SensitivityIncrement = 0.05; -- No touchy
	
--// Bullet Physics
	BulletPhysics = Vector3.new(0,55,0); -- Drop fixation: Lower number = more drop
	BulletSpeed = 2500; -- Bullet Speed
	BulletSpread = 0; -- How much spread the bullet has
	
	ExploPhysics = Vector3.new(0,20,0); -- Drop for explosive rounds
	ExploSpeed = 600; -- Speed for explosive rounds
	
	BulletDecay = 10000; -- How far the bullet travels before slowing down and being deleted (BUGGY)
	
--// Probabilities
	JamChance = 0; -- This is percent scaled. For 100% Chance of jamming, put 100, for 0%, 0; and everything inbetween
	TracerChance = 100; -- This is the percen scaled. For 100% Chance of showing tracer, put 100, for 0%, 0; and everything inbetween
	
--// Tracer Vars
	TracerTransparency = 0;	
	TracerLightEmission = 1;
	TracerTextureLength = 0.1;
	TracerLifetime = 0.0005;
	TracerFaceCamera = true;
	TracerColor = BrickColor.new('White');

--// Dev Vars
	CameraGo = true; -- No touchy
	FirstPersonOnly = false; -- SET THIS TO FALSE TO ENABLE THIRD PERSON, TRUE FOR FIRST PERSON ONLY
	TPSMouseIcon = 1415957732; -- Image used as the third person reticle
	
--// Extras
	WalkAnimEnabled = true; -- Set to false to disable walking animation, true to enable
	SwayEnabled = true;	 -- Set to false to disable sway, true to enable
	TacticalModeEnabled = true; -- SET THIS TO TRUE TO TURN ON TACTICAL MODEEEEEEEEEEEEEEEEEEEEEEEEEEEEEE

-- Customization
	AntiTK = false; -- Set to false to allow TK and damaging of NPC, true for no TK. (To damage NPC, this needs to be false)
	
	MouseSense = 0.5;

	CanAim = true; -- Allows player to aim
	CanBolt = true; -- When shooting, if this is enabled, the bolt will move (SCAR-L, ACR, AK Series)
	
	LaserAttached = true;
	LightAttached = true;
	TracerEnabled = true;
	
	SprintSpeed = 20;
	
	CanCallout = false;
	SuppressCalloutChance = 0;

--// KeyBindings
	FireSelectKey = Enum.KeyCode.T;
	CycleSightKey = Enum.KeyCode.T;
	LaserKey = Enum.KeyCode.G;
	LightKey = Enum.KeyCode.B;
	InteractKey = Enum.KeyCode.E;
	AlternateAimKey = Enum.KeyCode.Z;
	InspectionKey = Enum.KeyCode.H;
	AttachmentKey = Enum.KeyCode.LeftControl;
	
--// Unused (Don't delete)
	RestMode = false;
	AttachmentsEnabled = true;
	UIScope = false;
	CanSlideLock = false;
		
--// Animations
	
	-- Idle Anim
	IdleAnim = function(char, speed, objs)
		TweenJoint(objs[2],  nil , CFrame.new(-0.902175903, 0.295501232, -1.32277012, 1, 0, 0, 0, 1.19248806e-08, 1, 0, -1, 1.19248806e-08), function(X) return math.sin(math.rad(X)) end, 0.25)
		TweenJoint(objs[3],  nil , CFrame.new(1.06851184, 0.973718464, -2.29667926, 0.787567914, -0.220087856, 0.575584888, -0.615963876, -0.308488727, 0.724860668, 0.0180283934, -0.925416589, -0.378522098), function(X) return math.sin(math.rad(X)) end, 0.25)
		wait(0.18)	
	end;
	
	-- FireMode Anim
	FireModeAnim = function(char, speed, objs)
		TweenJoint(objs[1],  nil , CFrame.new(0.340285569, 0, -0.0787199363, 0.962304771, 0.271973342, 0, -0.261981696, 0.926952124, -0.268561482, -0.0730415657, 0.258437991, 0.963262498), function(X) return math.sin(math.rad(X)) end, 0.25)
		wait(0.1)
		TweenJoint(objs[2],  nil , CFrame.new(0.67163527, -0.310947895, -1.34432662, 0.766044378, -2.80971371e-008, 0.642787576, -0.620885074, -0.258818865, 0.739942133, 0.166365519, -0.965925872, -0.198266774), function(X) return math.sin(math.rad(X)) end, 0.25)
		wait(0.25)
		objs[4]:WaitForChild("Click"):Play()		
	end;
	
	-- Reload Anim
	ReloadAnim = function(char, speed, objs)
			ts:Create(objs[2],TweenInfo.new(0.5),{C1 = CFrame.new(-1.83314121, 0.112866193, -0.954399943, 0.758022368, -0.558526218, -0.336824089, 0.157115281, -0.344846308, 0.925416529, -0.633021891, -0.75440675, -0.173648208)}):Play()
			ts:Create(objs[3],TweenInfo.new(0.5),{C1 = CFrame.new(-0.570892751, 0.765644431, -2.10391617, 0.545084536, -0.836516321, 0.0558858961, -0.482962906, -0.258818835, 0.836516321, -0.685295284, -0.482962966, -0.545084476)}):Play()
			wait(0.2)		
			
			local MagC = objs[4]:clone()
			MagC:FindFirstChild("Mag"):Destroy()
			MagC.Parent = Tool
			MagC.Name = "MagC"
			local MagCW = Instance.new("Motor6D")
			MagCW.Part0 = MagC
			MagCW.Part1 = workspace.CurrentCamera:WaitForChild("Arms"):WaitForChild("Left Arm")
			MagCW.Parent = MagC
			MagCW.C1 = MagC.CFrame:toObjectSpace(objs[4].CFrame)
			objs[4].Transparency = 1
			
			objs[6]:WaitForChild("MagOut"):Play()		
			
			ts:Create(objs[3],TweenInfo.new(0.4),{C1 = CFrame.new(-0.970892727, 0.365644425, -3.30391622, 0.545084536, -0.836516321, 0.0558858961, -0.482962906, -0.258818835, 0.836516321, -0.685295284, -0.482962966, -0.545084476)}):Play()
			ts:Create(objs[2],TweenInfo.new(0.13),{C1 = CFrame.new(-1.83314121, 0.112866193, -1.15439999, 0.758022368, -0.558526218, -0.336824089, 0.157115281, -0.344846308, 0.925416529, -0.633021891, -0.75440675, -0.173648208)}):Play()
			wait(0.1)
			ts:Create(objs[2],TweenInfo.new(0.4),{C1 = CFrame.new(-1.83314121, 0.112866193, -0.954399943, 0.758022368, -0.558526218, -0.336824089, 0.157115281, -0.344846308, 0.925416529, -0.633021891, -0.75440675, -0.173648208)}):Play()
			ts:Create(objs[3],TweenInfo.new(0.5),{C1 = CFrame.new(-2.63354445, 0.365644455, -0.92290014, -0.0482801795, -0.826441228, 0.560948968, 0.376857162, 0.505025029, 0.776484549, -0.925012231, 0.248886406, 0.287067622)}):Play()
			wait(0.75)
			ts:Create(objs[3],TweenInfo.new(0.3),{C1 = CFrame.new(-1.98033559, 0.365644455, -1.12859631, -0.281058222, -0.892398655, -0.353031129, -0.101086289, -0.338284373, 0.935598731, -0.954351902, 0.298644274, 0.00486823916)}):Play()
			wait(0.10)
			ts:Create(objs[3],TweenInfo.new(0.3),{C1 = CFrame.new(-0.970892727, 0.365644425, -3.30391622, 0.545084536, -0.836516321, 0.0558858961, -0.482962906, -0.258818835, 0.836516321, -0.685295284, -0.482962966, -0.545084476)}):Play()
			wait(0.10)
			objs[6]:WaitForChild('MagIn'):Play()
			ts:Create(objs[3],TweenInfo.new(0.2),{C1 = CFrame.new(-0.570892751, 0.765644431, -2.10391617, 0.545084536, -0.836516321, 0.0558858961, -0.482962906, -0.258818835, 0.836516321, -0.685295284, -0.482962966, -0.545084476)}):Play()
			wait(0.10)
			ts:Create(objs[2],TweenInfo.new(0.13),{C1 = CFrame.new(-1.83314121, 0.112866186, -0.954399943, 0.758022368, -0.558526218, -0.336824089, 0.0448053852, -0.470608532, 0.881203771, -0.650687635, -0.683063805, -0.331706822)}):Play()
			ts:Create(objs[3],TweenInfo.new(0.13),{C1 = CFrame.new(-0.543338716, 0.753075361, -2.10391617, 0.491499543, -0.870869577, -0.00377259403, -0.594625771, -0.338752329, 0.729154944, -0.63627702, -0.356136084, -0.684338093)}):Play()
			wait(0.1)
			MagC:Destroy()
			objs[4].Transparency = 0
		end;

	-- Bolt Anim
		BoltBackAnim = function(char, speed, objs)
			TweenJoint(objs[3],  nil , CFrame.new(-0.833141267, -0.530990303, -1.55439997, 0.642787576, 3.34848629e-08, -0.766044378, 0.766044378, -2.80971371e-08, 0.642787576, 0, -1, -4.37113883e-08), function(X) return math.sin(math.rad(X)) end, 0.45)
			TweenJoint(objs[2],  nil , CFrame.new(2.1115706, -0.937148452, -1.32660568, 0.803367436, 0.238225982, 0.545755446, -0.118667498, -0.834062338, 0.538755715, 0.583539844, -0.497582287, -0.641788721), function(X) return math.sin(math.rad(X)) end, 0.2)
			wait(0.5)
			objs[5]:WaitForChild("BoltBack"):Play()
			TweenJoint(objs[2],  nil , CFrame.new(1.00409043, -1.18411899, -1.32660568, 0.803367436, 0.238225982, 0.545755446, -0.118667498, -0.834062338, 0.538755715, 0.583539844, -0.497582287, -0.641788721), function(X) return math.sin(math.rad(X)) end, 0.25)
			TweenJoint(objs[1],  nil , CFrame.new(0, 0, 0.817838132, 1, 0, 0, 0, 1, 0, 0, 0, 1), function(X) return math.sin(math.rad(X)) end, 0.25)
			TweenJoint(objs[3],  nil , CFrame.new(-0.833141267, -0.854931653, -1.55439997, 0.642787576, 3.34848629e-08, -0.766044378, 0.766044378, -2.80971371e-08, 0.642787576, 0, -1, -4.37113883e-08), function(X) return math.sin(math.rad(X)) end, 0.25)
			wait(0.1)
		end;
		
		BoltForwardAnim = function(char, speed, objs)
			objs[5]:WaitForChild("BoltForward"):Play()
			TweenJoint(objs[1],  nil , CFrame.new(), function(X) return math.sin(math.rad(X)) end, 0.1)
			TweenJoint(objs[2],  nil , CFrame.new(0.299306631, -1.18411899, -1.32660568, 0.803367436, 0.238225982, 0.545755446, -0.118667498, -0.834062338, 0.538755715, 0.583539844, -0.497582287, -0.641788721), function(X) return math.sin(math.rad(X)) end, 0.1)
			TweenJoint(objs[3],  nil , CFrame.new(-0.833141267, -0.291854143, -1.55439997, 0.642787576, 3.34848629e-08, -0.766044378, 0.766044378, -2.80971371e-08, 0.642787576, 0, -1, -4.37113883e-08), function(X) return math.sin(math.rad(X)) end, 0.2)
			wait(0.1)
		end;
		
		-- Bolting Back
		BoltingBackAnim = function(char, speed, objs)
			TweenJoint(objs[1],  nil , CFrame.new(0, 0, 0.273770154, 1, 0, 0, 0, 1, 0, 0, 0, 1), function(X) return math.sin(math.rad(X)) end, 0.001)
		end;
		
		BoltingForwardAnim = function(char, speed, objs)
			TweenJoint(objs[1],  nil , CFrame.new(), function(X) return math.sin(math.rad(X)) end, 0.001)
		end;
		
		InspectAnim = function(char, speed, objs)
			ts:Create(objs[1],TweenInfo.new(1),{C1 = CFrame.new(0.805950999, 0.654529691, -1.92835355, 0.999723792, 0.0109803826, 0.0207702816, -0.0223077796, 0.721017241, 0.692557871, -0.00737112388, -0.692829967, 0.721063137)}):Play()
			ts:Create(objs[2],TweenInfo.new(1),{C1 = CFrame.new(-1.49363565, -0.699174881, -1.32277012, 0.66716975, -8.8829113e-09, -0.74490571, 0.651565909, -0.484672248, 0.5835706, -0.361035138, -0.874695837, -0.323358655)}):Play()
			wait(1)
			ts:Create(objs[2],TweenInfo.new(1),{C1 = CFrame.new(1.37424219, -0.699174881, -1.03685927, -0.204235911, 0.62879771, 0.750267386, 0.65156585, -0.484672219, 0.58357054, 0.730581641, 0.60803473, -0.310715646)}):Play()
			wait(1)
			ts:Create(objs[2],TweenInfo.new(1),{C1 = CFrame.new(-0.902175903, 0.295501232, -1.32277012, 0.935064793, -0.354476899, 4.22709467e-09, -0.110443868, -0.291336805, 0.950223684, -0.336832345, -0.888520718, -0.311568588)}):Play()
			ts:Create(objs[1],TweenInfo.new(1),{C1 = CFrame.new(0.447846293, 0.654529572, -1.81345785, 0.761665463, -0.514432132, 0.393986136, -0.560285628, -0.217437655, 0.799250066, -0.325492471, -0.82950604, -0.453843832)}):Play()
			wait(1)
			local MagC = Tool:WaitForChild("Mag"):clone()
			MagC:FindFirstChild("Mag"):Destroy()
			MagC.Parent = Tool
			MagC.Name = "MagC"
			local MagCW = Instance.new("Motor6D")
			MagCW.Part0 = MagC
			MagCW.Part1 = workspace.CurrentCamera:WaitForChild("Arms"):WaitForChild("Left Arm")
			MagCW.Parent = MagC
			MagCW.C1 = MagC.CFrame:toObjectSpace(Tool:WaitForChild('Mag').CFrame)
			Tool.Mag.Transparency = 1
			Tool:WaitForChild('Grip'):WaitForChild("MagOut"):Play()
			
			ts:Create(objs[2],TweenInfo.new(0.15),{C1 = CFrame.new(-0.902175903, 0.295501232, -1.55972552, 0.935064793, -0.354476899, 4.22709467e-09, -0.110443868, -0.291336805, 0.950223684, -0.336832345, -0.888520718, -0.311568588)}):Play()
			ts:Create(objs[1],TweenInfo.new(0.3),{C1 = CFrame.new(0.447846293, 0.654529572, -2.9755671, 0.761665463, -0.514432132, 0.393986136, -0.568886042, -0.239798605, 0.786679745, -0.31021595, -0.823320091, -0.475299776)}):Play()
			wait(0.13)
			ts:Create(objs[2],TweenInfo.new(0.20),{C1 = CFrame.new(-0.902175903, 0.295501232, -1.28149843, 0.935064793, -0.354476899, 4.22709467e-09, -0.110443868, -0.291336805, 0.950223684, -0.336832345, -0.888520718, -0.311568588)}):Play()
			wait(0.20)			
			ts:Create(objs[1],TweenInfo.new(0.5),{C1 = CFrame.new(0.447846293, -0.650498748, -1.82401526, 0.761665463, -0.514432132, 0.393986136, -0.646156013, -0.55753684, 0.521185875, -0.0484529883, -0.651545882, -0.75706023)}):Play()
			wait(0.8)
			ts:Create(objs[1],TweenInfo.new(0.6),{C1 = CFrame.new(0.447846293, 0.654529572, -2.9755671, 0.761665463, -0.514432132, 0.393986136, -0.568886042, -0.239798605, 0.786679745, -0.31021595, -0.823320091, -0.475299776)}):Play()
			wait(0.5)
			Tool:WaitForChild('Grip'):WaitForChild("MagIn"):Play()
			ts:Create(objs[1],TweenInfo.new(0.3),{C1 = CFrame.new(0.447846293, 0.654529572, -1.81345785, 0.761665463, -0.514432132, 0.393986136, -0.560285628, -0.217437655, 0.799250066, -0.325492471, -0.82950604, -0.453843832)}):Play()			
			wait(0.3)
			MagC:Destroy()
			Tool.Mag.Transparency = 0
			wait(0.1)
		end;
		
		nadeReload = function(char, speed, objs)
			ts:Create(objs[1], TweenInfo.new(0.6), {C1 = CFrame.new(-0.902175903, -1.15645337, -1.32277012, 0.984807789, -0.163175702, -0.0593911409, 0, -0.342020363, 0.939692557, -0.17364797, -0.925416529, -0.336824328)}):Play()
			ts:Create(objs[2], TweenInfo.new(0.6), {C1 = CFrame.new(0.805950999, 0.654529691, -1.92835355, 0.787567914, -0.220087856, 0.575584888, -0.323594928, 0.647189975, 0.690240026, -0.524426222, -0.72986728, 0.438486755)}):Play()
			wait(0.6)
			ts:Create(objs[2], TweenInfo.new(0.6), {C1 = CFrame.new(0.805950999, 0.559619546, -1.73060048, 0.802135408, -0.348581612, 0.484839559, -0.597102284, -0.477574915, 0.644508123, 0.00688350201, -0.806481719, -0.59121877)}):Play()
			wait(0.6)		
		end;
		
		AttachAnim = function(char, speed, objs)
			TweenJoint(objs[1],  nil , CFrame.new(-2.05413628, -0.386312962, -0.955676377, 0.5, 0, -0.866025329, 0.852868497, -0.17364797, 0.492403895, -0.150383547, -0.984807789, -0.086823985), function(X) return math.sin(math.rad(X)) end, 0.25)
			TweenJoint(objs[2],  nil , CFrame.new(0.931334019, 1.66565645, -1.2231313, 0.787567914, -0.220087856, 0.575584888, -0.0180282295, 0.925416708, 0.378521889, -0.615963817, -0.308488399, 0.724860728), function(X) return math.sin(math.rad(X)) end, 0.25)
			wait(0.18)	
		end;
		
		-- Patrol Anim
		PatrolAnim = function(char, speed, objs)
			TweenJoint(objs[1],  nil , sConfig.PatrolPosR, function(X) return math.sin(math.rad(X)) end, 0.25)
			TweenJoint(objs[2],  nil , sConfig.PatrolPosL, function(X) return math.sin(math.rad(X)) end, 0.25)
			wait(0.18)
		end;
	
	}

return Settings

end,
function(script,require)
-- params : ...

local sp = script.Parent
update = function()
  
  sp.Scope.Position = UDim2.new(0.5, -10 - sp.AbsoluteSize.y / 2, 0, -26)
  sp.Scope.Size = UDim2.new(0, 20 + sp.AbsoluteSize.y, 0, 20 + sp.AbsoluteSize.y)
  sp.ScopeId.Position = UDim2.new(0.5, -10 - sp.AbsoluteSize.y / 2, 0, -26)
  sp.ScopeId.Size = UDim2.new(0, 20 + sp.AbsoluteSize.y, 0, 20 + sp.AbsoluteSize.y)
  sp.F1.Size = UDim2.new(0, 20 + (sp.AbsoluteSize.x - sp.AbsoluteSize.y) / 2, 1, 20)
  sp.F2.Size = UDim2.new(0, 20 + (sp.AbsoluteSize.x - sp.AbsoluteSize.y) / 2, 1, 20)
  sp.F2.Position = UDim2.new(1, -10 - (sp.AbsoluteSize.x - sp.AbsoluteSize.y) / 2, 0, -10)
end

wait()
sp.Changed:connect(update)
update()

end,
function(script,require)
--// Variables
local L_1_ = script.Parent
local L_2_ = L_1_.Parent.Parent
local L_3_ = L_2_.Character
local L_4_ = game.ReplicatedStorage:FindFirstChild('[WB] Leaderstat Network') or nil

--// Declarables
local L_5_ = L_1_:WaitForChild('Resource')
local L_6_ = L_5_:WaitForChild('FX')
local L_7_ = L_5_:WaitForChild('Events')
local L_8_ = L_5_:WaitForChild('HUD')
local L_9_ = L_5_:WaitForChild('Modules')
local L_10_ = L_5_:WaitForChild('Vars')
local L_11_ = L_5_:WaitForChild('SettingsModule')
local L_12_ = require(L_11_:WaitForChild('ServerConfig'))
local L_13_ = L_5_:WaitForChild('Nodes')
local L_14_

local L_15_
local L_16_

local L_17_
local L_18_
local L_19_

local L_20_
local L_21_
local L_22_
local L_23_
local L_24_
local L_25_

local L_26_
local L_27_

--// Gun Parts
local L_28_ = L_1_.Bolt
local L_29_ = L_1_.Mag
local L_30_ = L_1_.FirePart
local L_31_ = L_5_:WaitForChild('FX')
local L_32_

--// Events
local L_33_ = L_7_:WaitForChild('Equipped')
local L_34_ = L_7_:WaitForChild('ShootEvent')
local L_35_ = L_7_:WaitForChild('DamageEvent')
local L_36_ = L_7_:WaitForChild('CreateOwner')
local L_37_ = L_7_:WaitForChild('Stance')
local L_38_ = L_7_:WaitForChild('HitEvent')
local L_39_ = L_7_:WaitForChild('KillEvent')
local L_40_ = L_7_:WaitForChild('AimEvent')
local L_41_ = L_7_:WaitForChild('ExploEvent')
local L_42_ = L_7_:WaitForChild('AttachEvent')
local L_43_ = L_7_:WaitForChild('ServerFXEvent')
local L_44_ = L_7_:WaitForChild('ChangeIDEvent')

--// Functions
function Weld(L_53_arg1, L_54_arg2, L_55_arg3)
	local L_56_ = Instance.new("Motor6D", L_53_arg1)
	L_56_.Part0 = L_53_arg1
	L_56_.Part1 = L_54_arg2
	L_56_.Name = L_53_arg1.Name
	L_56_.C0 = L_55_arg3 or L_53_arg1.CFrame:inverse() * L_54_arg2.CFrame
	return L_56_
end

--// Tables
local L_45_ = {
	
	"1565831468";
	"1565832329";
	
}

local L_46_ = {
	
	"1565831129";
	"1565830611";
	
}

local L_47_ = {
	
	"1565825075";
	"1565824613";
	
}

local L_48_ = {
	
	"1565821941";
	"1565821634";
	
}

local L_49_ = {
	
	"1565756818";
	"1565756607";
	
}

local L_50_ = {
	
	"1565717027";
	"1565716705";
	
}

local L_51_ = {
	
	1565703226;
	1565675605;
	
}

--// Connections
L_1_.Equipped:connect(function()
	local L_57_ = L_3_:FindFirstChild('Torso')
	local L_58_ = L_3_:FindFirstChild('Head')
	local L_59_ = L_3_:FindFirstChild('HumanoidRootPart')
	
	L_17_ = Instance.new("Motor6D", L_57_)
	L_17_.Parent = L_57_
	L_17_.Name = "Clone"
	L_17_.Part0 = L_59_
	L_17_.Part1 = L_58_
	L_17_.C0 = L_57_:WaitForChild("Neck").C0	
	L_17_.C1 = L_57_:WaitForChild("Neck").C1
	
-- Make the AnimBase
	L_18_ = Instance.new("Part", L_3_)
	L_18_.FormFactor = "Custom"
	L_18_.CanCollide = false
	L_18_.Transparency = 1
	L_18_.Anchored = false
	L_18_.Name = "AnimBase"
	
	L_19_ = Instance.new("Motor6D")
	L_19_.Part0 = L_18_
	L_19_.Part1 = L_58_
	L_19_.Parent = L_18_
	L_19_.Name = "AnimBaseW"
	--AnimBaseW.C1 = gunSettings.StartPose	
	
	L_15_ = Instance.new("Motor6D")
	L_15_.Part0 = L_3_['Right Arm']
	L_15_.Part1 = L_1_:FindFirstChild('Grip')
	L_15_.Parent = L_3_['Right Arm']
	L_15_.C1 = L_12_.GunPos
	L_15_.Name = "Grip"
	
	for L_60_forvar1, L_61_forvar2 in pairs(L_1_:GetChildren()) do
		if L_61_forvar2:IsA("Part") or L_61_forvar2:IsA("MeshPart") or L_61_forvar2:IsA("UnionOperation") then
			L_61_forvar2.Anchored = true
			
			if L_61_forvar2.Name ~= "Grip" and L_61_forvar2.Name ~= "Bolt" and L_61_forvar2.Name ~= 'Lid' then
				Weld(L_61_forvar2, L_1_:WaitForChild("Grip"))
			end
			
			if L_61_forvar2.Name == "Bolt" then
				if L_1_:FindFirstChild('BoltHinge') then
					Weld(L_61_forvar2, L_1_:WaitForChild("BoltHinge"))
				else
					Weld(L_61_forvar2, L_1_:WaitForChild("Grip"))
				end
			end;
			
			if L_61_forvar2.Name == "Lid" then
				if L_1_:FindFirstChild('LidHinge') then
					Weld(L_61_forvar2, L_1_:WaitForChild("LidHinge"))
				else
					Weld(L_61_forvar2, L_1_:WaitForChild("Grip"))
				end
			end
		end
	end
	
	for L_62_forvar1, L_63_forvar2 in pairs(L_13_:GetChildren()) do
		if L_63_forvar2:IsA('Part') then
			Weld(L_63_forvar2, L_1_:WaitForChild("Grip"))
		end
	end
	
	for L_64_forvar1, L_65_forvar2 in pairs(L_13_:GetChildren()) do
		if L_65_forvar2:IsA('Part') then
			L_65_forvar2.Anchored = false
		end
	end
	
	for L_66_forvar1, L_67_forvar2 in pairs(L_1_:GetChildren()) do
		if L_67_forvar2:IsA("Part") or L_67_forvar2:IsA("MeshPart") or L_67_forvar2:IsA("UnionOperation") then
			L_67_forvar2.Anchored = false
		end
	end
	
	L_20_ = L_3_['Right Arm']
	L_21_ = L_3_['Left Arm']
	L_24_ = L_3_.Torso:WaitForChild("Right Shoulder")
	L_25_ = L_3_.Torso:WaitForChild("Left Shoulder")
	
	L_22_ = Instance.new("Motor6D")
	L_22_.Name = "RAW"
	L_22_.Part0 = L_18_
	L_22_.Part1 = L_20_
	L_22_.Parent = L_18_
	L_22_.C1 = L_12_.RightArmPos
	L_3_.Torso:WaitForChild("Right Shoulder").Part1 = nil
		
	L_23_ = Instance.new("Motor6D")
	L_23_.Name = "LAW"
	L_23_.Part0 = L_18_
	L_23_.Part1 = L_21_
	L_23_.Parent = L_18_
	L_23_.C1 = L_12_.LeftArmPos
	L_3_.Torso:WaitForChild("Left Shoulder").Part1 = nil
	
	L_14_ = L_8_:WaitForChild('MainGui'):clone()
	L_14_.Parent = L_2_.PlayerGui
	
	L_27_ = L_58_:FindFirstChild('AHH') or L_6_:WaitForChild('AHH'):clone()
	L_27_.Parent = L_3_.Head
	
	if L_32_ then
		L_32_:Destroy()
	end
	
	L_33_:FireClient(L_2_, true, L_15_, L_18_, L_19_, L_22_, L_23_, L_17_)
end)

L_1_.Unequipped:connect(function()
	L_15_:Destroy()
	local L_68_ = L_3_:FindFirstChild('Torso')
	local L_69_ = L_3_:FindFirstChild('Head')
	L_32_ = Instance.new('Model', L_3_)
	L_32_.Name = "HolsterModel"
	
	for L_70_forvar1, L_71_forvar2 in pairs(L_1_:GetChildren()) do
		for L_72_forvar1, L_73_forvar2 in pairs(L_71_forvar2:GetChildren()) do
			if L_73_forvar2.ClassName == "Motor6D" then
				L_73_forvar2:Destroy()
			end
		end
	end
	
	for L_74_forvar1, L_75_forvar2 in pairs(L_1_:GetChildren()) do
		if L_75_forvar2:IsA("Part") or L_75_forvar2:IsA("MeshPart") or L_75_forvar2:IsA("UnionOperation") then
			L_75_forvar2.Anchored = true
		end
	end
	
	if L_3_.Humanoid and L_3_.Humanoid.Health > 0 then
		L_3_.HumanoidRootPart.RootJoint.C0 = CFrame.new(0, 0, 0, -1, 0, 0, 0, 0, 1, 0, 1, -0)
		L_68_['Right Hip'].C0 = CFrame.new(1, -1, 0, 0, 0, 1, 0, 1, -0, -1, 0, 0)
		L_68_['Left Hip'].C0 = CFrame.new(-1, -1, 0, 0, 0, -1, 0, 1, 0, 1, 0, 0)
		L_17_.C0 = CFrame.new(0, 1, 0, -1, 0, 0, 0, 0, 1, 0, 1, -0)
		
		L_3_.HumanoidRootPart.RootJoint.C1 = CFrame.new(0, 0, 0, -1, -0, -0, 0, 0, 1, 0, 1, 0)
		L_68_['Right Hip'].C1 = CFrame.new(0.5, 1, 0, 0, 0, 1, 0, 1, 0, -1, -0, -0)
		L_68_['Left Hip'].C1 = CFrame.new(-0.5, 1, 0, -0, -0, -1, 0, 1, 0, 1, 0, 0)
		L_17_.C1 = CFrame.new(0, -0.5, 0, -1, -0, -0, 0, 0, 1, 0, 1, 0)
	end
	
	L_68_:WaitForChild("Neck").Part1 = L_69_
	L_68_:WaitForChild("Neck").C1 = L_68_:WaitForChild("Neck").C1
	L_68_:WaitForChild("Neck").C0 = L_68_:WaitForChild("Neck").C0
	
	L_18_:Destroy()
	L_17_:Destroy()
	L_24_.Part1 = L_20_
	L_25_.Part1 = L_21_
	
	if L_69_:FindFirstChild('AHH') then
		L_69_.AHH:Destroy()
	end
	
	L_33_:FireClient(L_2_, false)
	
	if L_12_.HolsteringEnabled then
		for L_77_forvar1, L_78_forvar2 in pairs(L_1_:GetChildren()) do
			if L_78_forvar2:IsA("Part") or L_78_forvar2:IsA("MeshPart") or L_78_forvar2:IsA("UnionOperation") then
				L_78_forvar2.Anchored = true
				local L_79_ = L_78_forvar2:clone()
				L_79_.Parent = L_32_
			end
		end;
		
		for L_80_forvar1, L_81_forvar2 in pairs(L_32_:GetChildren()) do
			Weld(L_81_forvar2, L_32_:WaitForChild("Grip"))
		end
		
		local L_76_ = Weld(L_32_:WaitForChild("Grip"), L_3_:WaitForChild('Torso'))
		L_76_.Name = "TWeld"
		L_76_.C1 = L_12_.HolsterPos
		
		for L_82_forvar1, L_83_forvar2 in pairs(L_32_:GetChildren()) do
			L_83_forvar2.Anchored = false
		end
	end
end)

L_3_.Humanoid.Died:connect(function()	
	L_33_:FireClient(L_2_, false)
end)

--// Events
L_34_.OnServerEvent:connect(function(L_84_arg1)	
	for L_85_forvar1, L_86_forvar2 in pairs(L_30_:GetChildren()) do
		if L_86_forvar2.Name:sub(1, 7) == "FlashFX" then
			L_86_forvar2.Enabled = true
		end
	end;

	delay(1 / 30, function()
